.Random.seed <-
c(403L, 105L, -1687518201L, -1894374947L, -1902051628L, 1300177402L, 
-762966715L, -1801504353L, 1500850982L, -1023028304L, -1414291373L, 
-1976624271L, 133466784L, -1286021570L, -1526819511L, -1194603525L, 
573321162L, -730840788L, 516545839L, -99646491L, 942619292L, 
-469418254L, 1271041901L, 1551427751L, 389475022L, -1423181784L, 
-1943837653L, -325892535L, 427880280L, 1512327686L, -1634896927L, 
-222867085L, -581787166L, 2141312340L, 1934175319L, 113578061L, 
-1410919452L, 1421889994L, 861198389L, -986368369L, 1914873750L, 
781880128L, 486729219L, -1646797791L, 360992528L, 1410409710L, 
323841177L, 1858840875L, -1249230822L, -1308034340L, 1746528991L, 
1805661365L, -1969233332L, 403377826L, 832558589L, -649986313L, 
-2087880674L, -859374888L, 1743826491L, 309296089L, -1284593304L, 
-1158020970L, 1519771153L, 1338677187L, -529495086L, -1791666588L, 
-119290457L, -1798612227L, -2103558412L, 686422490L, 2012962085L, 
-344978369L, -1702437946L, 1690163280L, 2020627571L, -957187951L, 
-1794438976L, 989176478L, -1813053847L, -1786466661L, -1873607766L, 
-1954764852L, 96107151L, 1623773893L, -710116740L, -1010968878L, 
689349197L, -2050429177L, -745082130L, 1992574920L, 1642121419L, 
1714788649L, 1960231288L, -691550554L, -1711599423L, -1402734253L, 
-1534040574L, -1036476620L, -694596425L, 1287855277L, 268700100L, 
673507818L, 1219221077L, 1309181935L, 837507062L, 102191392L, 
2113642211L, 1618495361L, 1522401776L, 1343946894L, -1564596231L, 
836173195L, 801352122L, 811722940L, -1228420097L, 1059731797L, 
-71499156L, 1219585730L, -1251577571L, 1568262039L, -88964354L, 
-253683528L, 716112539L, 349868281L, 706081352L, -1265246858L, 
-317862735L, 922427619L, -1524858958L, -882819068L, 1844605767L, 
1600432669L, 1668497556L, -446255046L, -1577717115L, -424103073L, 
-1503736858L, 1433683568L, -1802425965L, 1119129137L, -75029280L, 
175281534L, 1398638601L, 682780731L, -46811638L, -1785010708L, 
812755567L, 1790829989L, -1089088164L, 532564274L, 2093324333L, 
876672743L, 1720507406L, 347817448L, -1536446485L, 275583113L, 
1034224664L, 841732934L, 108581281L, -67141581L, 195120546L, 
-1093338988L, -1215353065L, 1699383565L, 194355236L, -1356374006L, 
-2128247435L, -1796438833L, 686991318L, -1343821952L, 2078882755L, 
-1409847967L, -187124784L, -1712323794L, 681926361L, -1668928277L, 
-1812124326L, 1971633948L, -506168801L, -1515058571L, 1081788172L, 
-797287710L, 731652029L, 678996023L, -859757858L, 159366680L, 
670450043L, -1348708071L, 1400169896L, 1618331990L, 1847810513L, 
253974915L, -1672656878L, 1625754532L, 155523943L, 1650475197L, 
42686516L, 137386906L, -1508419611L, 26674047L, 1921073926L, 
-1358140272L, -693166797L, 475167441L, 771104896L, -1902413474L, 
1878060713L, 1724135771L, 1163694954L, 1526389260L, -3470769L, 
1483122437L, 1143566268L, -2103489902L, -225586803L, -612189753L, 
1545013934L, -2073574648L, -1511112437L, -100646935L, -615176008L, 
-1262510234L, -1663685631L, -120391021L, 837619010L, 1768620788L, 
-1122750729L, -746115347L, -1716659836L, 1831373624L, -1519604582L, 
1564406480L, 1381548220L, 288050836L, -1546197374L, -437995328L, 
-2036239556L, 1933360272L, -1018044894L, -1860173816L, -275596020L, 
1169874076L, -812073454L, -1147150464L, -859861484L, -51926488L, 
-1543305926L, -655894064L, -1294871444L, -775038668L, 1727399570L, 
-1694749856L, -1681726644L, 1230559200L, -1899673694L, -563402840L, 
1532325260L, 1236101308L, -1602344590L, 976499952L, 72147012L, 
-1745563304L, 1781954106L, 863746928L, 903780412L, -1249681644L, 
-1767672382L, -1088300320L, 1511278460L, -1493250352L, -1670039390L, 
-1258136536L, 761439500L, -1430476868L, 566569266L, 1739860416L, 
-1359058380L, -156988472L, 296261818L, 1177213328L, 1272050156L, 
-332135852L, -1278173038L, 203259680L, -1656370740L, -1673267744L, 
335648450L, 1604265000L, -458427732L, -1413774148L, 72260082L, 
47243568L, -1497615196L, 1076668088L, -1840345766L, 123643280L, 
1255601020L, -1000859372L, -144592062L, 1675811584L, 145627068L, 
-1138712752L, -1127095518L, 891125064L, 1777687052L, 1981691996L, 
-227603246L, 409737728L, -1914729132L, -656926232L, 1791802362L, 
616280272L, -1218593492L, -651267340L, -725612142L, 1962243168L, 
355099916L, -1194216736L, 247458146L, -1023096152L, -1921985972L, 
308674940L, -1341831886L, 263065712L, -962988220L, 7319000L, 
1186921594L, -1526575568L, 697322172L, -51687596L, 1489032258L, 
-1766576736L, 705231548L, -128157232L, 1471458658L, -1034014744L, 
1711654860L, 1437826812L, 1621107186L, -686643072L, 723547380L, 
1796126344L, 190940986L, 360158032L, 1822447212L, 495194260L, 
712524114L, 91217632L, -1812663604L, -1404104544L, 346954626L, 
-1593920792L, -978824468L, 1781902396L, 17212018L, 1143415920L, 
-2067790300L, -1909586888L, 1833117722L, -683701552L, -775084996L, 
252875924L, -1451406206L, 272590784L, 2146048316L, 1198305936L, 
668884002L, 1472701448L, 252344460L, -108467172L, 1234060946L, 
1040577664L, -2086207468L, -212884184L, 1872186938L, 530375888L, 
2116486252L, -1681681740L, 533186578L, -940525600L, 1801310156L, 
396848608L, 2073308706L, -102930136L, 1589489932L, -423356868L, 
-1389633294L, -1558856976L, -736099516L, 2084612696L, 2038706746L, 
-556161296L, -1452753732L, 552848916L, -839237438L, -1295601568L, 
-1130558084L, -1295745840L, -1203880926L, 256473768L, -1605668980L, 
-577644100L, -297683918L, 1870985024L, 1551939764L, 1821991752L, 
-1956693318L, -1991512304L, -740386580L, -1202932652L, 736012050L, 
1009619872L, 674480076L, -1187525792L, -2122788670L, -73279960L, 
1360545196L, -956858564L, 945033074L, 363733808L, 66028068L, 
-1776537544L, 1843383514L, -110607984L, 536684284L, 55476116L, 
1263641410L, -1125672448L, -1482153412L, 496637520L, 1709576866L, 
-1278809272L, -284607988L, -1541059364L, 23142994L, -523552640L, 
1643830100L, 1722364392L, 297396986L, -773343408L, -1262435284L, 
1476892020L, -2115285358L, -90121632L, -531262836L, 1729366880L, 
-922594590L, 1742239912L, -841969460L, 1958457852L, -1499422798L, 
-1120201232L, 1395453380L, 1710450520L, -440214662L, 967851440L, 
226032942L, 1357361627L, 1608476349L, -590736342L, 1932051656L, 
1340482033L, -702763165L, 1361639268L, 1385549458L, 455412583L, 
-163531471L, 1346637430L, 1814499220L, 1018260389L, -271393617L, 
2075447656L, -955115194L, 1279324403L, -2009518507L, 1736151602L, 
-901210112L, -1245510423L, -1830632613L, 940549548L, 488521146L, 
1455934319L, -935678727L, -856854130L, 1622295644L, 1231607501L, 
1536803383L, -1713772352L, -84928610L, -493880213L, 369630189L, 
-779436454L, -1744387816L, 1421471361L, -1170111437L, -1831644588L, 
-766364062L, 715897079L, -360432831L, -1927269946L, -487204092L, 
-1574195531L, 355891615L, 389608952L, -1707623466L, -1815271837L, 
138139173L, -1544321598L, -1140491600L, 427651801L, 1746437195L, 
1706343100L, -69015318L, -896604897L, 809495977L, 718908222L, 
-163461588L, -467749763L, 194211527L, 383014832L, 557500878L, 
424674043L, 467034461L, -2087763318L, -1420914520L, 229626897L, 
1968956675L, -1982240764L, -681031630L, 377430151L, 918506705L, 
-1509779882L, 1450231348L, 827505989L, 1990668175L, 1423317768L, 
-1363403482L, -1797241389L, 1538756405L, 900187794L, -1744035232L, 
988722121L, 1450627835L, -1252025140L, -671607462L, -567371697L, 
-2081893095L, 236601134L, 1864577340L, 756487853L, 1174196567L, 
648798368L, 1977540094L, -296161077L, -47231283L, -1769252358L, 
-599195080L, -325443615L, -1602578285L, -454165836L, -1804240958L, 
-837471273L, -820102111L, -1911063578L, 1690904292L, -736013803L, 
-295626177L, -1504701992L, 1989838838L, -171692029L, 61545285L, 
-62918814L, 1052774608L, -1026860039L, 1074542379L, 1196475548L, 
-1866229046L, -1537567809L, -2042544375L, 1406855198L, 190732748L, 
-319868003L, 738242087L, 701465680L, -1271935762L, -415422053L, 
-1722556419L, 1787161322L, 2097577352L, 1673849649L, 1246995363L, 
-711466076L, 882191954L, -1773367897L, 741059057L, -793305802L, 
-1990236716L, -924415131L, 381825903L, 1337888168L, -1895820538L, 
